american-people:0.208780149836
angular-momentum:0.187559438215
acetic-acid:0.178570690702
amino-acids:0.111317353264
american-government:0.110542867228
adams-papers:0.0858096631266
ama-arch:0.0838674851366
american-states:0.0777532736788
american-policy:0.0764007532209
america-bull:0.0732666164241
