gulf-war:6.35065614565
cold-war:3.74457657213
war-ii:2.69990622751
world-war:2.40251405501
civil-war:1.62838610861
vietnam-war:1.12657544988
war-era:0.510129234794
drug-war:0.463775802741
iraq-war:0.242164366334
war-zone:0.210160412476
culture-war:0.193728897945
war-crimes:0.190739789249
korean-war:0.169161702354
war-story:0.1630771235
air-war:0.16296707478
just-war:0.154008661546
dirty-war:0.150917148955
ground-war:0.145357793655
war-stories:0.141585325345
war-effort:0.130173851462
war-ended:0.12412559006
postcold-war:0.105997359598
contra-war:0.0998388508707
pacific-war:0.0964602114604
revolutionary-war:0.0918091004836
war-world:0.08443788518
falklands-war:0.0773867340807
nazi-war:0.0758904209364
war-veterans:0.072118162921
war-pension:0.0718174888133
war-hero:0.0717620233501
war-n:0.0703242140234
war-zones:0.0687920568322
war-history:0.0681226907218
bidding-war:0.0665235240123
great-war:0.0643729197231
war-letters:0.062218574791
bosnian-war:0.0606153713272
lebanon-war:0.060186390332
army-war:0.0600087973708
war-veteran:0.0570031551125
war-theory:0.0562096402722
holy-war:0.0530678222821
trojan-war:0.0517068257386
war-college:0.0509078769386
war-room:0.0484358712801
war-air:0.0480527811949
kippur-war:0.0478168977881
war-diary:0.0473187531067
cultural-war:0.0456705769899
